    0.8890    5.1025
    0.8923    5.0584
    0.8957    5.0142
    0.8990    4.9702
    0.9024    4.9271
    0.9057    4.8866
    0.9090    4.8529
    0.9124    4.8366
    0.9191    4.8796
    0.9257    4.9630
    0.9324    5.0556
    0.9391    5.1523
    0.9458    5.2516
    0.9524    5.3531
    0.9591    5.4565
    0.9658    5.5617
    0.9725    5.6686
    0.9792    5.7772
    0.9858    5.8875
    0.9925    5.9994
    0.9992    6.1129
    1.0059    6.2279
    1.0126    6.3445
    1.0192    6.4626
    1.0259    6.5822
    1.0326    6.7032
    1.0393    6.8257
    1.0459    6.9497
    1.0526    7.0750
    1.0593    7.2017
    1.0660    7.3298
    1.0727    7.4591
    1.0793    7.5898